object_id|attribute_id|context_id
1001|2088|3004
1001|2085|3004
1002|2088|3004
1002|2084|3004
1002|2089|3004
1003|2086|3004
1003|2085|3004
1004|2087|3004
1004|2085|3004
1004|2089|3004
1005|2086|3004
1005|2085|3004
1006|2086|3004
1006|2085|3004
1006|2089|3004
1007|2088|3004
1007|2083|3004
1007|2089|3004
1008|2088|3004
1008|2085|3004
1009|2088|3004
1009|2083|3004
1010|2088|3004
1010|2083|3004
1010|2084|3004
1011|2086|3004
1011|2085|3004
1012|2088|3004
1013|2087|3004
1013|2085|3004
1014|2087|3004
1014|2083|3004
1015|2088|3004
1015|2084|3004
1016|2088|3004
1016|2083|3004
1017|2087|3004
1017|2085|3004
1018|2086|3004
1018|2085|3004
1019|2087|3004
1019|2085|3004
1019|2089|3004
1020|2088|3004
1020|2085|3004
1021|2088|3004
1021|2085|3004
1022|2087|3004
1022|2085|3004
1022|2089|3004
1023|2088|3004
1023|2083|3004
1023|2089|3004
1024|2087|3004
1024|2084|3004
1025|2087|3004
1025|2083|3004
1025|2089|3004
1026|2087|3004
1026|2085|3004
1027|2088|3004
1027|2085|3004
1028|2087|3004
1028|2083|3004
1028|2084|3004
1028|2085|3004
1029|2086|3004
1029|2085|3004
1029|2089|3004
1030|2087|3004
1030|2085|3004
1031|2088|3004
1031|2084|3004
1032|2087|3004
1032|2084|3004
1033|2088|3004
1033|2085|3004
1034|2088|3004
1034|2083|3004
1034|2089|3004
1036|2088|3004
1036|2083|3004
1036|2084|3004
1036|2085|3004
1037|2087|3004
1037|2083|3004
1038|2087|3004
1038|2083|3004
1038|2084|3004
1038|2085|3004
1039|2088|3004
1039|2083|3004
1039|2084|3004
1040|2087|3004
1040|2083|3004
1040|2084|3004
1040|2085|3004
1041|2088|3004
1041|2083|3004
1042|2086|3004
1042|2085|3004
1042|2089|3004
1043|2088|3004
1043|2083|3004
1044|2088|3004
1044|2083|3004
1044|2089|3004
1045|2086|3004
1045|2085|3004
1046|2087|3004
1046|2083|3004
1046|2084|3004
1048|2088|3004
1048|2083|3004
1048|2084|3004
1049|2088|3004
1049|2083|3004
1049|2084|3004
1050|2086|3004
1050|2085|3004
1050|2089|3004
1051|2088|3004
1051|2085|3004
1051|2089|3004
1052|2088|3004
1052|2083|3004
1052|2089|3004
1053|2087|3004
1053|2084|3004
1053|2089|3004
1054|2088|3004
1054|2084|3004
1054|2085|3004
1055|2087|3004
1055|2083|3004
1056|2088|3004
1056|2083|3004
1057|2086|3004
1057|2085|3004
1058|2088|3004
1058|2083|3004
1058|2089|3004
1059|2086|3004
1059|2084|3004
1059|2089|3004
1060|2088|3004
1060|2083|3004
1060|2089|3004
1061|2087|3004
1061|2083|3004
1061|2084|3004
1061|2085|3004
1062|2087|3004
1062|2085|3004
1001|2003|3005
1001|2010|3005
1001|2015|3005
1001|2017|3005
1001|2019|3005
1001|2020|3005
1001|2025|3005
1001|2026|3005
1001|2029|3005
1001|2030|3005
1001|2045|3005
1001|2046|3005
1001|2053|3005
1001|2061|3005
1001|2064|3005
1001|2070|3005
1001|2081|3005
1001|2082|3005
1001|2091|3005
1003|2009|3005
1003|2019|3005
1003|2025|3005
1003|2033|3005
1003|2049|3005
1003|2051|3005
1003|2060|3005
1003|2080|3005
1005|2002|3005
1005|2008|3005
1005|2042|3005
1005|2043|3005
1005|2050|3005
1005|2055|3005
1005|2065|3005
1005|2076|3005
1005|2090|3005
1008|2008|3005
1008|2018|3005
1008|2023|3005
1008|2027|3005
1008|2046|3005
1008|2058|3005
1008|2071|3005
1008|2073|3005
1011|2004|3005
1011|2009|3005
1011|2013|3005
1011|2020|3005
1011|2025|3005
1011|2033|3005
1011|2049|3005
1011|2051|3005
1011|2054|3005
1011|2080|3005
1013|2003|3005
1013|2008|3005
1013|2010|3005
1013|2011|3005
1013|2020|3005
1013|2025|3005
1013|2030|3005
1013|2053|3005
1013|2061|3005
1013|2070|3005
1013|2077|3005
1017|2001|3005
1017|2009|3005
1017|2014|3005
1017|2019|3005
1017|2020|3005
1017|2025|3005
1017|2032|3005
1017|2033|3005
1017|2051|3005
1017|2074|3005
1017|2075|3005
1017|2078|3005
1017|2080|3005
1018|2003|3005
1018|2010|3005
1018|2015|3005
1018|2032|3005
1018|2036|3005
1018|2046|3005
1018|2053|3005
1018|2063|3005
1018|2067|3005
1018|2072|3005
1020|2003|3005
1020|2008|3005
1020|2019|3005
1020|2020|3005
1020|2023|3005
1020|2025|3005
1020|2028|3005
1020|2033|3005
1020|2046|3005
1020|2051|3005
1020|2069|3005
1020|2079|3005
1026|2002|3005
1026|2005|3005
1026|2006|3005
1026|2007|3005
1026|2010|3005
1026|2016|3005
1026|2020|3005
1026|2021|3005
1026|2025|3005
1026|2029|3005
1026|2038|3005
1026|2048|3005
1026|2053|3005
1026|2070|3005
1027|2022|3005
1027|2024|3005
1027|2035|3005
1027|2047|3005
1027|2055|3005
1027|2059|3005
1027|2061|3005
1027|2072|3005
1027|2090|3005
1036|2015|3005
1036|2017|3005
1036|2020|3005
1036|2037|3005
1036|2059|3005
1036|2061|3005
1036|2079|3005
1036|2090|3005
1040|2002|3005
1040|2009|3005
1040|2025|3005
1040|2040|3005
1040|2041|3005
1040|2042|3005
1040|2055|3005
1040|2070|3005
1040|2090|3005
1040|2091|3005
1042|2003|3005
1042|2011|3005
1042|2015|3005
1042|2025|3005
1042|2036|3005
1042|2038|3005
1042|2053|3005
1042|2061|3005
1042|2070|3005
1045|2003|3005
1045|2012|3005
1045|2017|3005
1045|2020|3005
1045|2028|3005
1045|2045|3005
1045|2046|3005
1045|2057|3005
1045|2064|3005
1050|2005|3005
1050|2007|3005
1050|2048|3005
1050|2050|3005
1050|2052|3005
1050|2056|3005
1050|2061|3005
1050|2090|3005
1054|2002|3005
1054|2010|3005
1054|2015|3005
1054|2017|3005
1054|2026|3005
1054|2059|3005
1054|2068|3005
1054|2090|3005
1057|2019|3005
1057|2025|3005
1057|2028|3005
1057|2033|3005
1057|2051|3005
1057|2054|3005
1057|2060|3005
1057|2062|3005
1057|2066|3005
1057|2080|3005
1061|2010|3005
1061|2020|3005
1061|2022|3005
1061|2037|3005
1061|2059|3005
1061|2061|3005
1061|2090|3005
1062|2015|3005
1062|2030|3005
1062|2031|3005
1062|2039|3005
1062|2053|3005
1062|2067|3005
1062|2079|3005
1001|2003|3002
1001|2010|3002
1001|2015|3002
1001|2017|3002
1001|2019|3002
1001|2020|3002
1001|2025|3002
1001|2026|3002
1003|2009|3002
1003|2019|3002
1003|2025|3002
1005|2002|3002
1005|2008|3002
1008|2008|3002
1008|2018|3002
1008|2023|3002
1008|2027|3002
1011|2004|3002
1011|2009|3002
1011|2013|3002
1011|2020|3002
1011|2025|3002
1013|2003|3002
1013|2008|3002
1013|2010|3002
1013|2011|3002
1013|2020|3002
1013|2025|3002
1017|2001|3002
1017|2009|3002
1017|2014|3002
1017|2019|3002
1017|2020|3002
1017|2025|3002
1018|2003|3002
1018|2010|3002
1018|2015|3002
1020|2003|3002
1020|2008|3002
1020|2019|3002
1020|2020|3002
1020|2023|3002
1020|2025|3002
1020|2028|3002
1026|2002|3002
1026|2005|3002
1026|2006|3002
1026|2007|3002
1026|2010|3002
1026|2016|3002
1026|2020|3002
1026|2021|3002
1026|2025|3002
1027|2022|3002
1027|2024|3002
1036|2015|3002
1036|2017|3002
1036|2020|3002
1040|2002|3002
1040|2009|3002
1040|2025|3002
1042|2003|3002
1042|2011|3002
1042|2015|3002
1042|2025|3002
1045|2003|3002
1045|2012|3002
1045|2017|3002
1045|2020|3002
1045|2028|3002
1050|2005|3002
1050|2007|3002
1054|2002|3002
1054|2010|3002
1054|2015|3002
1054|2017|3002
1054|2026|3002
1057|2019|3002
1057|2025|3002
1057|2028|3002
1061|2010|3002
1061|2020|3002
1061|2022|3002
1062|2015|3002
1003|2080|3003
1005|2065|3003
1005|2076|3003
1011|2080|3003
1013|2061|3003
1013|2070|3003
1013|2077|3003
1017|2074|3003
1017|2075|3003
1017|2078|3003
1017|2080|3003
1018|2063|3003
1018|2067|3003
1018|2072|3003
1026|2070|3003
1026|2091|3003
1040|2070|3003
1040|2081|3003
1042|2061|3003
1042|2070|3003
1045|2064|3003
1050|2061|3003
1050|2065|3003
1057|2062|3003
1057|2066|3003
1057|2080|3003
1061|2061|3003
1062|2067|3003
1001|2029|3001
1001|2030|3001
1001|2045|3001
1001|2046|3001
1001|2053|3001
1003|2033|3001
1003|2049|3001
1003|2051|3001
1003|2060|3001
1005|2042|3001
1005|2043|3001
1005|2050|3001
1005|2055|3001
1005|2090|3001
1008|2046|3001
1008|2058|3001
1011|2033|3001
1011|2049|3001
1011|2051|3001
1011|2054|3001
1013|2030|3001
1013|2053|3001
1017|2032|3001
1017|2033|3001
1017|2051|3001
1018|2032|3001
1018|2036|3001
1018|2046|3001
1018|2053|3001
1020|2033|3001
1020|2046|3001
1020|2051|3001
1036|2029|3001
1036|2038|3001
1036|2048|3001
1036|2053|3001
1026|2047|3001
1026|2055|3001
1026|2059|3001
1026|2090|3001
1027|2035|3001
1027|2059|3001
1027|2090|3001
1027|2037|3001
1040|2040|3001
1040|2041|3001
1040|2042|3001
1040|2055|3001
1040|2090|3001
1042|2036|3001
1042|2038|3001
1042|2053|3001
1045|2045|3001
1045|2046|3001
1045|2057|3001
1050|2048|3001
1050|2050|3001
1050|2052|3001
1050|2056|3001
1050|2090|3001
1054|2059|3001
1054|2090|3001
1057|2033|3001
1057|2051|3001
1057|2054|3001
1057|2060|3001
1061|2059|3001
1061|2090|3001
1061|2037|3001
1062|2030|3001
1062|2031|3001
1062|2039|3001
1062|2053|3001
